WARNING: 2 open meshes merged
     Merged: Canard
     Merged: WingGeom
...Mass Properties...
101 Num Comps
101 Total Num Meshes
46784 Total Num Tris

7.071729363383923e+02             Total Mass
9.976099591865617e+00 6.096654543928714e-04 1.360138528800977e+00       Center of Gravity
2.575143095200070e+04 3.501818510897282e+04 5.727190790174054e+04       Ixx, Iyy, Izz
-1.812060190385435e+01 2.119755715946730e+03 2.621258395652244e+01       Ixy, Ixz, Iyz
7.071729363383923e+02             Volume

Name	Mass	cgX	cgY	cgZ	Ixx	Iyy	Izz	Ixy	Ixz	Iyz	Volume
Canard	7.794018191286516e+00	-3.708548115672619e-01	3.220159182909177e-15	9.490572308455670e-18	2.511775286135431e+02	5.301766672970855e+00	2.563837015156250e+02	7.863616059556491e-02	6.398719920718503e-04	-2.662520536816367e-02	7.794018191286516e+00
Fuselage	5.249558808519502e+02	9.089425203815662e+00	3.287257533806224e-07	1.142709332316642e+00	2.334694951640950e+03	2.240672079558329e+04	2.252578874675992e+04	-1.222644013834425e+01	1.446317709460172e+03	2.663935590239101e+01	5.249558808519502e+02
Canard Winglet	2.295756864417229e-01	-3.708548115672617e-01	1.021961067020328e+01	3.197495649987697e-01	1.652386349696972e-02	1.624324835006554e-01	1.636066238441924e-01	-2.790705283437260e-04	-1.134663714504654e-04	6.932815041667276e-03	2.295756864417229e-01
Canard Winglet	2.295756864417231e-01	-3.708548115672616e-01	-1.021961067020328e+01	3.197495649987694e-01	1.651847446185596e-02	1.623882863178146e-01	1.636454319919196e-01	-6.369164765712982e-04	-8.911230992706825e-06	-6.879203211234306e-03	2.295756864417231e-01
Main Winglet	1.557718191182966e+00	1.568991695226880e+01	2.529393343096515e+01	3.608771082855108e+00	1.428785426575615e+00	2.694587310494454e+00	1.502802865853033e+00	6.078653303660345e-02	2.421110058160557e-01	3.469742236728157e-01	1.557718191182966e+00
Main Winglet	1.557718191182965e+00	1.568991695226879e+01	-2.529393343096515e+01	3.608771082855110e+00	1.428126116427468e+00	2.691530050135426e+00	1.505200816063916e+00	-6.958281249844027e-02	2.433383365210454e-01	-3.515329986828443e-01	1.557718191182965e+00
LG front	6.119048134843079e-01	-2.169658198738523e+00	5.000000000000011e-01	-3.065137912245946e+00	8.017360334881048e-02	4.800584879328690e-01	4.250886589682686e-01	-4.422433660589235e-03	5.510141406173648e-04	-3.018898530457779e-04	6.119048134843079e-01
LG rear	0.000000000000000e+00	0.000000000000000e+00	0.000000000000000e+00	0.000000000000000e+00	0.000000000000000e+00	0.000000000000000e+00	0.000000000000000e+00	0.000000000000000e+00	0.000000000000000e+00	0.000000000000000e+00	0.000000000000000e+00
LG rear	0.000000000000000e+00	0.000000000000000e+00	0.000000000000000e+00	0.000000000000000e+00	0.000000000000000e+00	0.000000000000000e+00	0.000000000000000e+00	0.000000000000000e+00	0.000000000000000e+00	0.000000000000000e+00	0.000000000000000e+00
front wheel	7.375399797229546e-01	-2.169658198738521e+00	1.698359839096572e-01	-4.435374149659865e+00	1.191236861492001e-01	5.962365260912061e-01	5.172427480111526e-01	-7.732051747283406e-03	-1.514527527708617e-03	-3.502348039711058e-03	7.375399797229546e-01
rear wheel	7.053770147342122e-01	1.401957228580280e+01	5.833691275275942e+00	-4.340136054421769e+00	9.250705360953186e-02	5.472779362385197e-01	4.962224133251497e-01	-6.022139454198014e-03	-2.958850255078249e-04	-4.090486393189696e-04	7.053770147342122e-01
rear wheel	7.053770147342117e-01	1.401957228580281e+01	-5.833691275275950e+00	-4.340136054421772e+00	9.243259529173699e-02	5.465583222291961e-01	4.968675690166786e-01	-6.632803015374230e-03	2.450689968756027e-04	1.248668108189751e-03	7.053770147342117e-01
Cabin	4.124417159837405e+01	4.020752810062178e+00	1.481841953813306e-15	3.494527218467103e+00	8.859170182352584e+01	2.025369956440381e+02	2.536933016743928e+02	-1.876211575162379e-01	3.024864646841590e+01	1.360170047100644e+00	4.124417159837405e+01
wing pods IB	2.315394685815615e+00	1.247871669102914e+01	1.333333333333334e+01	1.333333333333335e+00	2.196028675682227e-01	6.586571335791799e+00	6.632640805342004e+00	-1.530347713257202e-02	2.018160809889784e-03	-2.185903917054448e-03	2.315394685815615e+00
wing pods IB	2.315394685815617e+00	1.247871669102914e+01	-1.333333333333334e+01	1.333333333333334e+00	2.150177261175530e-01	6.587810678258134e+00	6.626816321425005e+00	1.104124511959672e-02	-1.402268216479455e-06	1.411573848103182e-03	2.315394685815617e+00
wing pods IMB	2.153510330854759e+00	1.338611229961310e+01	1.666666666666666e+01	1.620000000000000e+00	3.287217911965765e-01	4.965977615210630e+00	5.121664520317774e+00	-1.409217014696234e-02	-1.390686415391804e-03	8.307151947427076e-03	2.153510330854759e+00
wing pods IMB	2.153510330854758e+00	1.338611229961312e+01	-1.666666666666668e+01	1.620000000000001e+00	3.256284378501677e-01	4.967339231980630e+00	5.117209550201375e+00	-1.655642171462699e-02	1.278744196098253e-03	2.652897701596017e-03	2.153510330854758e+00
wing pods MB	2.280275603634440e+00	1.370810947778200e+01	2.000000000000003e+01	1.900000000000002e+00	3.128753443975932e-01	5.540813553970006e+00	5.669274517441174e+00	-2.648357583941648e-02	8.698546478856314e-05	1.026092214318010e-02	2.280275603634440e+00
wing pods MB	2.280275603634440e+00	1.370810947778200e+01	-2.000000000000001e+01	1.900000000000001e+00	3.150798668789569e-01	5.541118991057775e+00	5.671173602834765e+00	1.087154257202838e-02	-2.741211086694588e-03	7.720865270640882e-03	2.280275603634440e+00
wing pods OB	2.315323325198410e+00	1.427886935193734e+01	2.333333333333331e+01	2.186666666666664e+00	2.944073616023558e-01	6.586347275017332e+00	6.709304859730273e+00	-2.794637828049046e-02	7.097859588956715e-05	-9.274163018372826e-04	2.315323325198410e+00
wing pods OB	2.315323325198409e+00	1.427886935193734e+01	-2.333333333333331e+01	2.186666666666667e+00	3.232052896752869e-01	6.586663862406133e+00	6.737786200414402e+00	-2.055374001676817e-03	-1.797028767889136e-03	1.895990313875936e-02	2.315323325198409e+00
wing pods IIB	2.270762964853457e+00	1.187376194921153e+01	1.000000000000001e+01	1.040000000000000e+00	3.129839426142400e-01	5.450416573384761e+00	5.576723449424614e+00	-3.184000261331160e-02	-9.790373571482562e-04	5.075538902522737e-03	2.270762964853457e+00
wing pods IIB	2.270762964853459e+00	1.187376194921152e+01	-9.999999999999995e+00	1.039999999999999e+00	3.490995095372931e-01	5.451874257922027e+00	5.611381331810398e+00	-1.156248130764356e-02	-5.165594058530081e-03	1.127125742387185e-02	2.270762964853459e+00
Prop IIB	0.000000000000000e+00	0.000000000000000e+00	0.000000000000000e+00	0.000000000000000e+00	0.000000000000000e+00	0.000000000000000e+00	0.000000000000000e+00	0.000000000000000e+00	0.000000000000000e+00	0.000000000000000e+00	0.000000000000000e+00
Prop IIB	0.000000000000000e+00	0.000000000000000e+00	0.000000000000000e+00	0.000000000000000e+00	0.000000000000000e+00	0.000000000000000e+00	0.000000000000000e+00	0.000000000000000e+00	0.000000000000000e+00	0.000000000000000e+00	0.000000000000000e+00
Prop IIB	0.000000000000000e+00	0.000000000000000e+00	0.000000000000000e+00	0.000000000000000e+00	0.000000000000000e+00	0.000000000000000e+00	0.000000000000000e+00	0.000000000000000e+00	0.000000000000000e+00	0.000000000000000e+00	0.000000000000000e+00
Prop IIB	0.000000000000000e+00	0.000000000000000e+00	0.000000000000000e+00	0.000000000000000e+00	0.000000000000000e+00	0.000000000000000e+00	0.000000000000000e+00	0.000000000000000e+00	0.000000000000000e+00	0.000000000000000e+00	0.000000000000000e+00
Prop IIB	0.000000000000000e+00	0.000000000000000e+00	0.000000000000000e+00	0.000000000000000e+00	0.000000000000000e+00	0.000000000000000e+00	0.000000000000000e+00	0.000000000000000e+00	0.000000000000000e+00	0.000000000000000e+00	0.000000000000000e+00
Prop IIB	0.000000000000000e+00	0.000000000000000e+00	0.000000000000000e+00	0.000000000000000e+00	0.000000000000000e+00	0.000000000000000e+00	0.000000000000000e+00	0.000000000000000e+00	0.000000000000000e+00	0.000000000000000e+00	0.000000000000000e+00
Prop IIB	0.000000000000000e+00	0.000000000000000e+00	0.000000000000000e+00	0.000000000000000e+00	0.000000000000000e+00	0.000000000000000e+00	0.000000000000000e+00	0.000000000000000e+00	0.000000000000000e+00	0.000000000000000e+00	0.000000000000000e+00
Prop IIB	0.000000000000000e+00	0.000000000000000e+00	0.000000000000000e+00	0.000000000000000e+00	0.000000000000000e+00	0.000000000000000e+00	0.000000000000000e+00	0.000000000000000e+00	0.000000000000000e+00	0.000000000000000e+00	0.000000000000000e+00
Prop IIB	0.000000000000000e+00	0.000000000000000e+00	0.000000000000000e+00	0.000000000000000e+00	0.000000000000000e+00	0.000000000000000e+00	0.000000000000000e+00	0.000000000000000e+00	0.000000000000000e+00	0.000000000000000e+00	0.000000000000000e+00
Prop IIB	0.000000000000000e+00	0.000000000000000e+00	0.000000000000000e+00	0.000000000000000e+00	0.000000000000000e+00	0.000000000000000e+00	0.000000000000000e+00	0.000000000000000e+00	0.000000000000000e+00	0.000000000000000e+00	0.000000000000000e+00
Prop IIB	0.000000000000000e+00	0.000000000000000e+00	0.000000000000000e+00	0.000000000000000e+00	0.000000000000000e+00	0.000000000000000e+00	0.000000000000000e+00	0.000000000000000e+00	0.000000000000000e+00	0.000000000000000e+00	0.000000000000000e+00
Prop IIB	0.000000000000000e+00	0.000000000000000e+00	0.000000000000000e+00	0.000000000000000e+00	0.000000000000000e+00	0.000000000000000e+00	0.000000000000000e+00	0.000000000000000e+00	0.000000000000000e+00	0.000000000000000e+00	0.000000000000000e+00
Prop IB	1.167997872974807e-01	1.042196551146029e+01	1.423853366487761e+01	1.391014902262425e+00	1.577007425329431e-02	7.886654290627565e-02	9.437366769761582e-02	-4.862726028463543e-04	1.877122597056012e-05	9.957440058966582e-04	1.167997872974807e-01
Prop IB	1.167997872974816e-01	1.042196551146028e+01	1.383588720312818e+01	5.782476351664488e-01	1.506851610878634e-02	8.900345160852968e-02	8.353520085085468e-02	1.150651889196317e-04	-1.020320462384380e-05	-6.934219740118600e-03	1.167997872974816e-01
Prop IB	1.167997872974792e-01	1.042196551146029e+01	1.293068687158394e+01	5.205660662373588e-01	1.503582591337497e-02	9.083154370077999e-02	8.167441856318999e-02	1.594853343904374e-04	-5.606541291812979e-05	5.866891539143673e-03	1.167997872974792e-01
Prop IB	1.167997872974810e-01	1.042196551146028e+01	1.242813300178906e+01	1.275651764404245e+00	1.510666263173425e-02	7.887676545364293e-02	9.370003352868853e-02	1.041634200682146e-04	-1.353515122991850e-04	1.017855819286351e-03	1.167997872974810e-01
Prop IB	1.167997872974801e-01	1.042196551146030e+01	1.283077946353847e+01	2.088419031500216e+00	1.506350440625709e-02	8.900504180883519e-02	8.352859894801798e-02	-1.520548238605346e-04	1.617080127973998e-05	-6.929579795539081e-03	1.167997872974801e-01
Prop IB	1.167997872974810e-01	1.042196551146028e+01	1.373597979508273e+01	2.146100600429305e+00	1.504286689647252e-02	9.084109902112676e-02	8.167190422594318e-02	-1.491470360594244e-04	-6.738104940285030e-06	5.864929295997243e-03	1.167997872974810e-01
Prop IB	1.167997872974808e-01	1.042196551146029e+01	-1.423853366487760e+01	1.391014902262422e+00	1.628993000661321e-02	7.886725391088345e-02	9.489281244632684e-02	2.899955916163594e-04	-7.801492561695597e-06	-9.897446249794676e-04	1.167997872974808e-01
Prop IB	1.167996705376669e-01	1.042196551146028e+01	-1.383588678722574e+01	5.782482741606925e-01	1.509417491598164e-02	8.901583605515286e-02	8.354831779518168e-02	-1.029731995496292e-04	6.924401426326572e-05	6.945752704339042e-03	1.167996705376669e-01
Prop IB	1.167996705376643e-01	1.042196551146031e+01	-1.293068721701799e+01	5.205667459165568e-01	1.502153989909075e-02	9.081319930992239e-02	8.167831952351823e-02	-1.205122669823505e-04	9.059921786706802e-05	-5.847103948428126e-03	1.167996705376643e-01
Prop IB	1.167997872974810e-01	1.042196551146029e+01	-1.242813300178908e+01	1.275651764404246e+00	1.509216443302084e-02	7.888920975622392e-02	9.367309102739430e-02	-3.327511519250813e-04	-7.545173407064903e-05	-1.003055133392901e-03	1.167997872974810e-01
Prop IB	1.167996705376654e-01	1.042196551146028e+01	-1.283077987944090e+01	2.088418392505970e+00	1.507778123030172e-02	8.900225020742192e-02	8.354550995723074e-02	-8.113099575757086e-05	-9.017588953038168e-05	6.932960239512644e-03	1.167996705376654e-01
Prop IB	1.167996705376660e-01	1.042196551146029e+01	-1.373597944964870e+01	2.146099920750108e+00	1.503275365653643e-02	9.082318498088064e-02	8.167954761000763e-02	1.813722882317597e-04	-1.178056396504630e-04	-5.854708037351881e-03	1.167996705376660e-01
Prop IMB	0.000000000000000e+00	0.000000000000000e+00	0.000000000000000e+00	0.000000000000000e+00	0.000000000000000e+00	0.000000000000000e+00	0.000000000000000e+00	0.000000000000000e+00	0.000000000000000e+00	0.000000000000000e+00	0.000000000000000e+00
Prop IMB	0.000000000000000e+00	0.000000000000000e+00	0.000000000000000e+00	0.000000000000000e+00	0.000000000000000e+00	0.000000000000000e+00	0.000000000000000e+00	0.000000000000000e+00	0.000000000000000e+00	0.000000000000000e+00	0.000000000000000e+00
Prop IMB	0.000000000000000e+00	0.000000000000000e+00	0.000000000000000e+00	0.000000000000000e+00	0.000000000000000e+00	0.000000000000000e+00	0.000000000000000e+00	0.000000000000000e+00	0.000000000000000e+00	0.000000000000000e+00	0.000000000000000e+00
Prop IMB	0.000000000000000e+00	0.000000000000000e+00	0.000000000000000e+00	0.000000000000000e+00	0.000000000000000e+00	0.000000000000000e+00	0.000000000000000e+00	0.000000000000000e+00	0.000000000000000e+00	0.000000000000000e+00	0.000000000000000e+00
Prop IMB	0.000000000000000e+00	0.000000000000000e+00	0.000000000000000e+00	0.000000000000000e+00	0.000000000000000e+00	0.000000000000000e+00	0.000000000000000e+00	0.000000000000000e+00	0.000000000000000e+00	0.000000000000000e+00	0.000000000000000e+00
Prop IMB	0.000000000000000e+00	0.000000000000000e+00	0.000000000000000e+00	0.000000000000000e+00	0.000000000000000e+00	0.000000000000000e+00	0.000000000000000e+00	0.000000000000000e+00	0.000000000000000e+00	0.000000000000000e+00	0.000000000000000e+00
Prop IMB	0.000000000000000e+00	0.000000000000000e+00	0.000000000000000e+00	0.000000000000000e+00	0.000000000000000e+00	0.000000000000000e+00	0.000000000000000e+00	0.000000000000000e+00	0.000000000000000e+00	0.000000000000000e+00	0.000000000000000e+00
Prop IMB	0.000000000000000e+00	0.000000000000000e+00	0.000000000000000e+00	0.000000000000000e+00	0.000000000000000e+00	0.000000000000000e+00	0.000000000000000e+00	0.000000000000000e+00	0.000000000000000e+00	0.000000000000000e+00	0.000000000000000e+00
Prop IMB	0.000000000000000e+00	0.000000000000000e+00	0.000000000000000e+00	0.000000000000000e+00	0.000000000000000e+00	0.000000000000000e+00	0.000000000000000e+00	0.000000000000000e+00	0.000000000000000e+00	0.000000000000000e+00	0.000000000000000e+00
Prop IMB	0.000000000000000e+00	0.000000000000000e+00	0.000000000000000e+00	0.000000000000000e+00	0.000000000000000e+00	0.000000000000000e+00	0.000000000000000e+00	0.000000000000000e+00	0.000000000000000e+00	0.000000000000000e+00	0.000000000000000e+00
Prop IMB	0.000000000000000e+00	0.000000000000000e+00	0.000000000000000e+00	0.000000000000000e+00	0.000000000000000e+00	0.000000000000000e+00	0.000000000000000e+00	0.000000000000000e+00	0.000000000000000e+00	0.000000000000000e+00	0.000000000000000e+00
Prop IMB	0.000000000000000e+00	0.000000000000000e+00	0.000000000000000e+00	0.000000000000000e+00	0.000000000000000e+00	0.000000000000000e+00	0.000000000000000e+00	0.000000000000000e+00	0.000000000000000e+00	0.000000000000000e+00	0.000000000000000e+00
Prop MB	0.000000000000000e+00	0.000000000000000e+00	0.000000000000000e+00	0.000000000000000e+00	0.000000000000000e+00	0.000000000000000e+00	0.000000000000000e+00	0.000000000000000e+00	0.000000000000000e+00	0.000000000000000e+00	0.000000000000000e+00
Prop MB	0.000000000000000e+00	0.000000000000000e+00	0.000000000000000e+00	0.000000000000000e+00	0.000000000000000e+00	0.000000000000000e+00	0.000000000000000e+00	0.000000000000000e+00	0.000000000000000e+00	0.000000000000000e+00	0.000000000000000e+00
Prop MB	0.000000000000000e+00	0.000000000000000e+00	0.000000000000000e+00	0.000000000000000e+00	0.000000000000000e+00	0.000000000000000e+00	0.000000000000000e+00	0.000000000000000e+00	0.000000000000000e+00	0.000000000000000e+00	0.000000000000000e+00
Prop MB	0.000000000000000e+00	0.000000000000000e+00	0.000000000000000e+00	0.000000000000000e+00	0.000000000000000e+00	0.000000000000000e+00	0.000000000000000e+00	0.000000000000000e+00	0.000000000000000e+00	0.000000000000000e+00	0.000000000000000e+00
Prop MB	0.000000000000000e+00	0.000000000000000e+00	0.000000000000000e+00	0.000000000000000e+00	0.000000000000000e+00	0.000000000000000e+00	0.000000000000000e+00	0.000000000000000e+00	0.000000000000000e+00	0.000000000000000e+00	0.000000000000000e+00
Prop MB	0.000000000000000e+00	0.000000000000000e+00	0.000000000000000e+00	0.000000000000000e+00	0.000000000000000e+00	0.000000000000000e+00	0.000000000000000e+00	0.000000000000000e+00	0.000000000000000e+00	0.000000000000000e+00	0.000000000000000e+00
Prop MB	0.000000000000000e+00	0.000000000000000e+00	0.000000000000000e+00	0.000000000000000e+00	0.000000000000000e+00	0.000000000000000e+00	0.000000000000000e+00	0.000000000000000e+00	0.000000000000000e+00	0.000000000000000e+00	0.000000000000000e+00
Prop MB	0.000000000000000e+00	0.000000000000000e+00	0.000000000000000e+00	0.000000000000000e+00	0.000000000000000e+00	0.000000000000000e+00	0.000000000000000e+00	0.000000000000000e+00	0.000000000000000e+00	0.000000000000000e+00	0.000000000000000e+00
Prop MB	0.000000000000000e+00	0.000000000000000e+00	0.000000000000000e+00	0.000000000000000e+00	0.000000000000000e+00	0.000000000000000e+00	0.000000000000000e+00	0.000000000000000e+00	0.000000000000000e+00	0.000000000000000e+00	0.000000000000000e+00
Prop MB	0.000000000000000e+00	0.000000000000000e+00	0.000000000000000e+00	0.000000000000000e+00	0.000000000000000e+00	0.000000000000000e+00	0.000000000000000e+00	0.000000000000000e+00	0.000000000000000e+00	0.000000000000000e+00	0.000000000000000e+00
Prop MB	0.000000000000000e+00	0.000000000000000e+00	0.000000000000000e+00	0.000000000000000e+00	0.000000000000000e+00	0.000000000000000e+00	0.000000000000000e+00	0.000000000000000e+00	0.000000000000000e+00	0.000000000000000e+00	0.000000000000000e+00
Prop MB	0.000000000000000e+00	0.000000000000000e+00	0.000000000000000e+00	0.000000000000000e+00	0.000000000000000e+00	0.000000000000000e+00	0.000000000000000e+00	0.000000000000000e+00	0.000000000000000e+00	0.000000000000000e+00	0.000000000000000e+00
Prop OB	1.193107918030627e-01	1.222076889863154e+01	2.424178550820887e+01	2.242525585161492e+00	1.561497685587641e-02	8.057645745375872e-02	9.589400628305324e-02	-1.507505194303918e-04	3.937353343394690e-05	1.007862601249026e-03	1.193107918030627e-01
Prop OB	1.193107918030628e-01	1.222076889863155e+01	2.383593466321557e+01	1.427853464348618e+00	1.555278948650245e-02	9.107673155166746e-02	8.533154481577067e-02	1.269707418040186e-04	4.504140899051343e-05	-7.142527632551396e-03	1.193107918030628e-01
Prop OB	1.193107918030599e-01	1.222076889863154e+01	2.292748248833999e+01	1.371994545853811e+00	1.552022472858335e-02	9.287380982999087e-02	8.350190177952420e-02	1.536212131275062e-04	-3.030962677582335e-05	6.076311468813062e-03	1.193107918030599e-01
Prop OB	1.193107918030625e-01	1.222076889863155e+01	2.242488115845779e+01	2.130807748171841e+00	1.557221598625961e-02	8.056932974756789e-02	9.585837311962686e-02	1.142783396015421e-04	-1.454544462720263e-04	1.002650034231457e-03	1.193107918030625e-01
Prop OB	1.193107918030621e-01	1.222076889863155e+01	2.283073200345112e+01	2.945479868984703e+00	1.552974687906837e-02	9.105451731026713e-02	8.533071644973608e-02	-1.959269696990926e-04	5.259054085934467e-05	-7.130469480078099e-03	1.193107918030621e-01
Prop OB	1.193107918030599e-01	1.222076889863153e+01	2.373918417832664e+01	3.001338787479523e+00	1.551777958020323e-02	9.288305294120167e-02	8.349021351993302e-02	-1.469430713219459e-04	-7.529731084995210e-06	6.071993834434919e-03	1.193107918030599e-01
Prop OB	1.193107918030627e-01	1.222076889863154e+01	-2.424178550820887e+01	2.242525585161492e+00	1.555938620834693e-02	8.058040077154466e-02	9.583447231773773e-02	1.073179653891394e-04	4.373371854984438e-05	-9.999869380543035e-04	1.193107918030627e-01
Prop OB	1.193107918030628e-01	1.222076889863155e+01	-2.383593466321557e+01	1.427853464348618e+00	1.555216636584320e-02	9.106555444779027e-02	8.534209879898874e-02	-4.739580027873438e-05	6.733461353246560e-05	7.141158231747400e-03	1.193107918030628e-01
Prop OB	1.193107918030596e-01	1.222076889863155e+01	-2.292748248834001e+01	1.371994545853813e+00	1.550514250449124e-02	9.285945328388973e-02	8.350117610153286e-02	-1.568023404123487e-04	1.272257609302797e-04	-6.061269305805625e-03	1.193107918030596e-01
Prop OB	1.193107918030625e-01	1.222076889863154e+01	-2.242488115845776e+01	2.130807748171840e+00	1.556297100536810e-02	8.058281594095348e-02	9.583564194534981e-02	-3.374038949173847e-04	-7.370829635441770e-05	-9.947680826981715e-04	1.193107918030625e-01
Prop OB	1.193107918030618e-01	1.222076889863155e+01	-2.283073200345114e+01	2.945479868984706e+00	1.554680593929792e-02	9.105452118317919e-02	8.534777163705326e-02	-1.328029292656569e-04	-8.565461807640248e-05	7.137457394817360e-03	1.193107918030618e-01
Prop OB	1.193107918030596e-01	1.222076889863154e+01	-2.373918417832668e+01	3.001338787479524e+00	1.551632688079295e-02	9.287572253194686e-02	8.349609122977730e-02	1.578512396905729e-04	-1.089220301233314e-04	-6.063957567086956e-03	1.193107918030596e-01
Twin booom	9.467355803120167e+00	1.759968967923371e+01	6.666666666666646e+00	1.000007596087118e+00	1.501193332041644e+00	2.362980038907226e+02	2.369198928072863e+02	-1.254196467265038e-01	3.144046163198355e-03	3.669195348482174e-02	9.467355803120167e+00
Twin booom	9.467468563313810e+00	1.759979700878975e+01	-6.666667895431702e+00	1.000003797998323e+00	1.584716697527095e+00	2.363042060269387e+02	2.370156797319590e+02	-6.380200404248738e-02	-2.007924948443394e-03	3.578075304973658e-02	9.467468563313810e+00
Twin Vstab Tail	7.884951299774499e+00	2.602681302225706e+01	6.666666666666672e+00	2.757638734880437e+00	4.860640988236800e+01	6.360338125742081e+01	1.543104890597715e+01	-3.577813754636675e-02	1.243002738374129e+01	-1.468136712831070e-02	7.884951299774499e+00
Twin Vstab Tail	7.884850398202444e+00	2.602680554397172e+01	-6.666665380874663e+00	2.757665314877910e+00	4.859452685118431e+01	6.359669696856162e+01	1.542564521022665e+01	-4.070877709220252e-02	1.243029555118417e+01	-1.411247402394105e-02	7.884850398202444e+00
Twin Hstab Tail	2.575681759432756e+00	2.833035552353034e+01	6.753704469025869e+00	6.666641072096640e+00	9.008097011047608e+00	2.111127432593590e+00	1.107484561890137e+01	3.255087233479322e-02	-2.693737144897124e-03	5.488133692078969e-03	2.575681759432756e+00
Twin Hstab Tail	2.575681759432760e+00	2.833035552353031e+01	-6.753704469025857e+00	6.666641072096640e+00	9.039006707075734e+00	2.112550183939632e+00	1.110433256358346e+01	-3.463685630606059e-02	-1.096927038403511e-03	4.459873652807670e-03	2.575681759432760e+00
WingGeom	6.148281204043511e+01	1.358156291151336e+01	-2.806744061630017e-06	1.289861469903386e+00	1.072426323870088e+04	1.864454350548009e+02	1.089358814496871e+04	-1.184247575802845e-01	1.701447801575086e+01	2.106977669540317e-01	6.148281204043511e+01
PropGeom	0.000000000000000e+00	0.000000000000000e+00	0.000000000000000e+00	0.000000000000000e+00	0.000000000000000e+00	0.000000000000000e+00	0.000000000000000e+00	0.000000000000000e+00	0.000000000000000e+00	0.000000000000000e+00	0.000000000000000e+00
PropGeom	0.000000000000000e+00	0.000000000000000e+00	0.000000000000000e+00	0.000000000000000e+00	0.000000000000000e+00	0.000000000000000e+00	0.000000000000000e+00	0.000000000000000e+00	0.000000000000000e+00	0.000000000000000e+00	0.000000000000000e+00
PropGeom	0.000000000000000e+00	0.000000000000000e+00	0.000000000000000e+00	0.000000000000000e+00	0.000000000000000e+00	0.000000000000000e+00	0.000000000000000e+00	0.000000000000000e+00	0.000000000000000e+00	0.000000000000000e+00	0.000000000000000e+00
PropGeom	0.000000000000000e+00	0.000000000000000e+00	0.000000000000000e+00	0.000000000000000e+00	0.000000000000000e+00	0.000000000000000e+00	0.000000000000000e+00	0.000000000000000e+00	0.000000000000000e+00	0.000000000000000e+00	0.000000000000000e+00
PropGeom	0.000000000000000e+00	0.000000000000000e+00	0.000000000000000e+00	0.000000000000000e+00	0.000000000000000e+00	0.000000000000000e+00	0.000000000000000e+00	0.000000000000000e+00	0.000000000000000e+00	0.000000000000000e+00	0.000000000000000e+00
PropGeom	0.000000000000000e+00	0.000000000000000e+00	0.000000000000000e+00	0.000000000000000e+00	0.000000000000000e+00	0.000000000000000e+00	0.000000000000000e+00	0.000000000000000e+00	0.000000000000000e+00	0.000000000000000e+00	0.000000000000000e+00
Engine Block	0.000000000000000e+00	0.000000000000000e+00	0.000000000000000e+00	0.000000000000000e+00	0.000000000000000e+00	0.000000000000000e+00	0.000000000000000e+00	0.000000000000000e+00	0.000000000000000e+00	0.000000000000000e+00	0.000000000000000e+00
Battery Box	7.085961330007909e-04	8.623162124289031e+00	-1.392265395293007e+00	-1.453297155471618e+00	2.804715264325413e-07	4.777956354764440e-04	4.778181655272693e-04	-9.137846683499681e-07	0.000000000000000e+00	-9.692177775665528e-08	7.085961330007909e-04
Battery Box	7.085961330008024e-04	8.623162124289031e+00	1.392265395293007e+00	-1.453297155471618e+00	3.584124540981567e-07	4.777337295223059e-04	4.779580124090884e-04	0.000000000000000e+00	-6.079721482544910e-07	9.692177775665846e-08	7.085961330008024e-04
Fuel Tank	0.000000000000000e+00	0.000000000000000e+00	0.000000000000000e+00	0.000000000000000e+00	0.000000000000000e+00	0.000000000000000e+00	0.000000000000000e+00	0.000000000000000e+00	0.000000000000000e+00	0.000000000000000e+00	0.000000000000000e+00
Fuel Tank	0.000000000000000e+00	0.000000000000000e+00	0.000000000000000e+00	0.000000000000000e+00	0.000000000000000e+00	0.000000000000000e+00	0.000000000000000e+00	0.000000000000000e+00	0.000000000000000e+00	0.000000000000000e+00	0.000000000000000e+00
Name	Mass	cgX	cgY	cgZ	Ixx	Iyy	Izz	Ixy	Ixz	Iyz	Volume
Totals	7.071729363383923e+02	9.976099591865617e+00	6.096654543928714e-04	1.360138528800977e+00	2.575143095200070e+04	3.501818510897282e+04	5.727190790174054e+04	-1.812060190385435e+01	2.119755715946730e+03	2.621258395652244e+01	7.071729363383923e+02

...Filling Mass Properties (Volume Only -- No Shell or Point Mass)...
20 Num Slice

Slice	Mass	cgX	cgY	cgZ	Ixx	Iyy	Izz	Ixy	Ixz	Iyz	Volume
-5.767264973081038e+00	1.610747850758729e+00	-5.767264973081035e+00	-3.793618871662608e-16	5.678839383897065e-01	2.655394707300551e-01	1.206375289154329e+00	1.230783578787413e+00	3.549949711909878e-03	5.412601095619038e-03	-5.017035560063647e-04	1.610747850758729e+00
-3.968461585909779e+00	1.280352840111029e+01	-4.194760040449251e+00	-2.017753900069008e-16	5.176549795185805e-01	1.275936251254455e+01	1.851330849645832e+01	2.062025406018297e+01	-3.002820983346870e-02	-1.941861724829380e-01	-2.362185190119118e-02	1.280352840111029e+01
-2.169658198738521e+00	3.392718833164443e+01	-2.933896269162418e+00	1.270996083306161e-02	3.104963243110022e-01	7.897123182545953e+01	1.054407130983625e+02	9.376824085851057e+01	2.812521254702185e-01	-5.580212888164158e+00	-1.364037374895770e+00	3.392718833164443e+01
-3.708548115672616e-01	6.808963259068113e+01	-1.647947768675454e+00	6.333023376163555e-03	3.658637246160989e-01	4.548332828569293e+02	2.744993046957643e+02	5.702736096118272e+02	-3.637820237666985e-01	-9.124916326038740e-01	-9.681781031667355e-01	6.808963259068113e+01
1.427948575603996e+00	1.074835521140037e+02	-5.205974842328199e-01	4.011899740844017e-03	5.538105720005204e-01	6.238809338645638e+02	6.241399989881758e+02	9.150086106223761e+02	-1.484264873739154e+00	3.811964720198608e+01	7.036868482089045e-01	1.074835521140037e+02
3.226751962775254e+00	1.568207330743870e+02	6.583515881524683e-01	2.749720820821841e-03	7.624328270559591e-01	8.917434483463323e+02	1.281680399496484e+03	1.541557903925199e+03	-2.778451403542205e+00	1.217999019363102e+02	3.160700362122786e+00	1.568207330743870e+02
5.025555349946514e+00	2.101227297788332e+02	1.766183571697546e+00	2.052196996132097e-03	9.035902037423210e-01	1.198122716652284e+03	2.247773884448773e+03	2.471143303060269e+03	-4.235730095658809e+00	2.180718930542806e+02	6.368961974829261e+00	2.101227297788332e+02
6.824358737117772e+00	2.644565076843803e+02	2.805408389614662e+00	1.630563901213789e-03	9.994137733894458e-01	1.500393010561806e+03	3.559036547723552e+03	3.744458409044359e+03	-5.566073571676124e+00	3.195548000510461e+02	8.010092447520490e+00	2.644565076843803e+02
8.623162124289031e+00	3.150692628653179e+02	3.739972881238615e+00	1.368629967105053e-03	1.035472040948616e+00	1.753084428074048e+03	5.151368598758803e+03	5.348789184718862e+03	-7.699944263208162e+00	3.746945118404291e+02	1.010695813367310e+01	3.150692628653179e+02
1.042196551146029e+01	3.786025270689066e+02	4.861277608042624e+00	1.138976713651800e-03	1.103050959245540e+00	2.841476097660639e+03	7.708088260847148e+03	8.687461460735021e+03	-1.036356368812986e+01	5.164758935604823e+02	1.374629979387068e+01	3.786025270689066e+02
1.222076889863155e+01	4.622456784290033e+02	6.192974306742181e+00	9.328793803471999e-04	1.172153182832512e+00	7.965842202379355e+03	1.162878051592920e+04	1.742497510122445e+04	-1.301132052159789e+01	7.085227655809306e+02	1.731574236562533e+01	4.622456784290033e+02
1.401957228580280e+01	5.500922016585167e+02	7.442836455492323e+00	7.839039723889612e-04	1.220558780778621e+00	1.707495635481580e+04	1.639281879251553e+04	3.093201645042326e+04	-1.526200636469673e+01	8.831197363924707e+02	2.084933906824521e+01	5.500922016585167e+02
1.581837567297407e+01	6.114740444807466e+02	8.283601548367942e+00	7.052130273604956e-04	1.268630601057581e+00	2.380415879837121e+04	2.042531546906251e+04	4.145882321781661e+04	-1.619690007014620e+01	1.104278281094902e+03	2.420830021376061e+01	6.114740444807466e+02
1.761717906014533e+01	6.467122250686331e+02	8.792171321973420e+00	6.667872437618919e-04	1.284162105416060e+00	2.410871814579090e+04	2.340960947859587e+04	4.463165677755201e+04	-1.705509947972175e+01	1.192554576771234e+03	2.596852301478888e+01	6.467122250686331e+02
1.941598244731658e+01	6.698177662256193e+02	9.158642499027838e+00	6.437862412795269e-04	1.289280861210335e+00	2.424314887305548e+04	2.596632690223190e+04	4.727623711770218e+04	-1.753547297171581e+01	1.227537949880605e+03	2.633410686234595e+01	6.698177662256193e+02
2.121478583448784e+01	6.817712909347018e+02	9.370023367029901e+00	6.324987100431210e-04	1.289967165562359e+00	2.433151788383411e+04	2.768687602941135e+04	4.907415096584123e+04	-1.774797579544593e+01	1.232997111859454e+03	2.625735055992471e+01	6.817712909347018e+02
2.301358922165910e+01	6.835656974473692e+02	9.405838656645770e+00	6.308383578505055e-04	1.289323121082095e+00	2.440110363350724e+04	2.802142249426196e+04	4.947790219315516e+04	-1.778175340106520e+01	1.227006148702168e+03	2.626356914915804e+01	6.835656974473692e+02
2.481239260883036e+01	6.914298062224493e+02	9.581068036459548e+00	6.236633974699381e-04	1.289930376612257e+00	2.476680801312256e+04	2.988798485636131e+04	5.167846515330290e+04	-1.790192788706793e+01	1.233420229480604e+03	2.625582970779939e+01	6.914298062224493e+02
2.661119599600162e+01	7.009198323555823e+02	9.811645560344855e+00	6.151044522703886e-04	1.312861954236294e+00	2.527117305937242e+04	3.269174190435348e+04	5.482203202015844e+04	-1.804452040481524e+01	1.503457908727579e+03	2.622518357796959e+01	7.009198323555823e+02
2.840999938317288e+01	7.071729363383918e+02	9.976099591865619e+00	6.096654543920617e-04	1.360138528800977e+00	2.575143095200072e+04	3.501818510897287e+04	5.727190790174052e+04	-1.812060190385251e+01	2.119755715946726e+03	2.621258395652265e+01	7.071729363383918e+02
