# Bubble Dancer RES                                                               
# 
#   Run case     Eigenvalue
       1    -22.137175         0.0000000    
       1    -1.5019591         3.3018121    
       1    -1.5019591        -3.3018121    
       1   -0.25166385         0.0000000    
       1    -10.912517         4.1688021    
       1    -10.912517        -4.1688021    
       1   -0.12383240         1.0981137    
       1   -0.12383240        -1.0981137    
       2    -22.273988         0.0000000    
       2    -10.971428         4.1959948    
       2    -10.971428        -4.1959948    
       2    -1.5100825         3.2828069    
       2    -1.5100825        -3.2828069    
       2   -0.15643756         1.2101967    
       2   -0.15643756        -1.2101967    
       2   -0.18824769         0.0000000    
       3    -22.711237         0.0000000    
       3    -11.168239         4.2808346    
       3    -11.168239        -4.2808346    
       3    -1.5403769         3.2349243    
       3    -1.5403769        -3.2349243    
       3   -0.19294616         1.4942428    
       3   -0.19294616        -1.4942428    
       3   -0.10975677         0.0000000    
       4    -23.536038         0.0000000    
       4    -11.563126         4.4341884    
       4    -11.563126        -4.4341884    
       4    -1.6102056         3.1935589    
       4    -1.6102056        -3.1935589    
       4   -0.17549746         1.8423485    
       4   -0.17549746        -1.8423485    
       4   -0.10250276         0.0000000    
       5    -24.913723         0.0000000    
       5    -12.257300         4.6785695    
       5    -12.257300        -4.6785695    
       5    -1.7338657         3.2295535    
       5    -1.7338657        -3.2295535    
       5   -0.10467608         2.1703280    
       5   -0.10467608        -2.1703280    
       5   -0.15445188         0.0000000    
       6    -27.129805         0.0000000    
       6    -13.406563         5.0594430    
       6    -13.406563        -5.0594430    
       6    -1.9105986         3.4146297    
       6    -1.9105986        -3.4146297    
       6   -0.21432280E-01     2.4519384    
       6   -0.21432280E-01    -2.4519384    
       6   -0.23037905         0.0000000    
       7    -30.738801         0.0000000    
       7    -15.292969         5.6770013    
       7    -15.292969        -5.6770013    
       7    -2.1671940         3.8075723    
       7    -2.1671940        -3.8075723    
       7    0.35241770E-01     2.7387731    
       7    0.35241770E-01    -2.7387731    
       7   -0.29569692         0.0000000    
