 ---------------------------------------------------------------
 Surface and Strip Forces by surface

  Sref =  8890.0       Cref =  38.120       Bref =  247.49    
  Xref =  45.478       Yref =  0.0000       Zref =  4.8300    

  Surface # 1     Wing                                    
     # Chordwise =  8   # Spanwise = 31     First strip =  1
     Surface area Ssurf = 4451.100303     Ave. chord Cave =   35.920410

 Forces referred to Sref, Cref, Bref about Xref, Yref, Zref
 Standard axis orientation,  X fwd, Z down         
     CLsurf  =   0.35279     Clsurf  =  -0.07650
     CYsurf  =   0.02522     Cmsurf  =  -0.00974
     CDsurf  =   0.01257     Cnsurf  =  -0.00575
     CDisurf =   0.01257     CDvsurf =   0.00000

 Forces referred to Ssurf, Cave 
     CLsurf  =   0.70628     CDsurf  =   0.02511

 Strip Forces referred to Strip Area, Chord
    j     Xle      Yle      Zle      Chord    Area     c_cl     ai     cl_norm    cl       cd       cdv    cm_c/4     cm_LE   C.P.x/c
     1   0.0458   0.0794  -0.0042  51.2951  16.3060  27.5016   0.0008   0.6188   0.4924   0.5251   0.0000  -0.1210  -0.2202    0.496
     2   0.4119   0.7135  -0.0374  51.1373  48.6007  30.8344   0.0223   0.7518   0.5982   0.0809   0.0000  -0.1366  -0.2482    0.478
     3   1.1404   1.9752  -0.1035  50.8234  79.9530  31.1989   0.0406   0.7686   0.6116   0.0530   0.0000  -0.1374  -0.2512    0.475
     4   2.2236   3.8515  -0.2018  50.3566 109.7656  31.4219   0.0523   0.7820   0.6222   0.0475   0.0000  -0.1364  -0.2526    0.469
     5   3.6507   6.3231  -0.3314  49.7416 137.4865  31.6203   0.0598   0.7971   0.6342   0.0446   0.0000  -0.1349  -0.2537    0.463
     6   5.4068   9.3648  -0.4908  48.9848 162.6246  31.7847   0.0644   0.8140   0.6477   0.0420   0.0000  -0.1333  -0.2552    0.456
     7   7.4740  12.9453  -0.6784  48.0940 184.7633  31.8887   0.0669   0.8321   0.6621   0.0396   0.0000  -0.1318  -0.2569    0.449
     8   9.8310  17.0279  -0.8924  47.0782 203.5714  31.9069   0.0681   0.8509   0.6771   0.0372   0.0000  -0.1305  -0.2590    0.443
     9  12.4538  21.5706  -1.1305  45.9479 218.8103  31.8191   0.0685   0.8698   0.6921   0.0349   0.0000  -0.1294  -0.2612    0.437
    10  15.3153  26.5269  -1.3902  44.7148 230.3390  31.6102   0.0686   0.8883   0.7068   0.0325   0.0000  -0.1285  -0.2635    0.432
    11  18.3862  31.8459  -1.6690  43.3914 238.1143  31.2708   0.0684   0.9059   0.7208   0.0300   0.0000  -0.1278  -0.2659    0.427
    12  21.6350  37.4730  -1.9639  41.9913 242.1884  30.7962   0.0681   0.9222   0.7338   0.0275   0.0000  -0.1273  -0.2682    0.423
    13  25.0284  43.3504  -2.2719  40.5289 242.7032  30.1867   0.0674   0.9369   0.7455   0.0250   0.0000  -0.1269  -0.2702    0.420
    14  28.5315  49.4180  -2.5899  39.0193 239.8808  29.4466   0.0660   0.9496   0.7556   0.0225   0.0000  -0.1265  -0.2720    0.417
    15  32.1084  55.6133  -2.9146  37.4778 234.0125  28.5839   0.0641   0.9600   0.7638   0.0200   0.0000  -0.1261  -0.2734    0.415
    16  35.7223  61.8729  -3.2426  35.9204 225.4445  27.6090   0.0622   0.9677   0.7700   0.0175   0.0000  -0.1258  -0.2744    0.413
    17  39.3363  68.1325  -3.5707  34.3630 214.5632  26.5340   0.0604   0.9725   0.7738   0.0151   0.0000  -0.1254  -0.2748    0.412
    18  42.9132  74.3278  -3.8954  32.8215 201.7785  25.3719   0.0591   0.9738   0.7748   0.0128   0.0000  -0.1248  -0.2745    0.411
    19  46.4163  80.3954  -4.2133  31.3119 187.5078  24.1349   0.0583   0.9712   0.7728   0.0106   0.0000  -0.1242  -0.2735    0.411
    20  49.8097  86.2728  -4.5214  29.8495 172.1596  22.8337   0.0583   0.9641   0.7671   0.0086   0.0000  -0.1232  -0.2714    0.411
    21  53.0585  91.8999  -4.8163  28.4494 156.1191  21.4754   0.0593   0.9516   0.7571   0.0068   0.0000  -0.1219  -0.2681    0.411
    22  56.1294  97.2189  -5.0950  27.1260 139.7343  20.0621   0.0617   0.9325   0.7419   0.0053   0.0000  -0.1202  -0.2633    0.412
    23  58.9909 102.1752  -5.3548  25.8929 123.3054  18.5889   0.0657   0.9052   0.7203   0.0041   0.0000  -0.1176  -0.2564    0.413
    24  61.6136 106.7179  -5.5928  24.7626 107.0763  17.0427   0.0717   0.8679   0.6906   0.0034   0.0000  -0.1141  -0.2470    0.415
    25  63.9707 110.8005  -5.8068  23.7468  91.2286  15.4028   0.0802   0.8180   0.6508   0.0030   0.0000  -0.1092  -0.2342    0.418
    26  66.0379 114.3810  -5.9945  22.8560  75.8795  13.6417   0.0918   0.7526   0.5989   0.0030   0.0000  -0.1028  -0.2175    0.422
    27  67.7940 117.4227  -6.1539  22.0992  61.0824  11.7264   0.1080   0.6690   0.5323   0.0033   0.0000  -0.0944  -0.1960    0.427
    28  69.2210 119.8944  -6.2834  21.4842  46.8306   9.6147   0.1307   0.5642   0.4489   0.0037   0.0000  -0.0835  -0.1687    0.436
    29  70.3043 121.7706  -6.3817  21.0174  33.0635   7.2506   0.1623   0.4348   0.3460   0.0033   0.0000  -0.0685  -0.1336    0.448
    30  71.0327 123.0323  -6.4478  20.7035  19.6765   4.5746   0.2025   0.2786   0.2217   0.0014   0.0000  -0.0470  -0.0883    0.462
    31  71.3988 123.6664  -6.4811  20.5457   6.5312   1.5725   0.2306   0.0969   0.0771  -0.0030   0.0000  -0.0171  -0.0313    0.471

  Surface # 2     Wing (YDUP)                             
     # Chordwise =  8   # Spanwise = 31     First strip = 32
     Surface area Ssurf = 4451.100303     Ave. chord Cave =   35.920410

 Forces referred to Sref, Cref, Bref about Xref, Yref, Zref
 Standard axis orientation,  X fwd, Z down         
     CLsurf  =   0.35279     Clsurf  =   0.07650
     CYsurf  =  -0.02522     Cmsurf  =  -0.00974
     CDsurf  =   0.01257     Cnsurf  =   0.00575
     CDisurf =   0.01257     CDvsurf =   0.00000

 Forces referred to Ssurf, Cave 
     CLsurf  =   0.70628     CDsurf  =   0.02511

 Strip Forces referred to Strip Area, Chord
    j     Xle      Yle      Zle      Chord    Area     c_cl     ai     cl_norm    cl       cd       cdv    cm_c/4     cm_LE   C.P.x/c
    32   0.0458  -0.0794  -0.0042  51.2951  16.3060  27.5016   0.0008   0.6188   0.4924   0.5251   0.0000  -0.1210   0.2202    0.496
    33   0.4119  -0.7135  -0.0374  51.1373  48.6007  30.8344   0.0223   0.7518   0.5982   0.0809   0.0000  -0.1366   0.2482    0.478
    34   1.1404  -1.9752  -0.1035  50.8234  79.9530  31.1989   0.0406   0.7686   0.6116   0.0530   0.0000  -0.1374   0.2512    0.475
    35   2.2236  -3.8515  -0.2018  50.3566 109.7656  31.4219   0.0523   0.7820   0.6222   0.0475   0.0000  -0.1364   0.2526    0.469
    36   3.6507  -6.3231  -0.3314  49.7416 137.4865  31.6203   0.0598   0.7971   0.6342   0.0446   0.0000  -0.1349   0.2537    0.463
    37   5.4068  -9.3648  -0.4908  48.9848 162.6246  31.7847   0.0644   0.8140   0.6477   0.0420   0.0000  -0.1333   0.2552    0.456
    38   7.4740 -12.9453  -0.6784  48.0940 184.7633  31.8887   0.0669   0.8321   0.6621   0.0396   0.0000  -0.1318   0.2569    0.449
    39   9.8310 -17.0279  -0.8924  47.0782 203.5714  31.9069   0.0681   0.8509   0.6771   0.0372   0.0000  -0.1305   0.2590    0.443
    40  12.4538 -21.5706  -1.1305  45.9479 218.8103  31.8191   0.0685   0.8698   0.6921   0.0349   0.0000  -0.1294   0.2612    0.437
    41  15.3153 -26.5269  -1.3902  44.7148 230.3390  31.6102   0.0686   0.8883   0.7068   0.0325   0.0000  -0.1285   0.2635    0.432
    42  18.3862 -31.8459  -1.6690  43.3914 238.1143  31.2708   0.0684   0.9059   0.7208   0.0300   0.0000  -0.1278   0.2659    0.427
    43  21.6350 -37.4730  -1.9639  41.9913 242.1884  30.7962   0.0681   0.9222   0.7338   0.0275   0.0000  -0.1273   0.2682    0.423
    44  25.0284 -43.3504  -2.2719  40.5289 242.7032  30.1867   0.0674   0.9369   0.7455   0.0250   0.0000  -0.1269   0.2702    0.420
    45  28.5315 -49.4180  -2.5899  39.0193 239.8808  29.4466   0.0660   0.9496   0.7556   0.0225   0.0000  -0.1265   0.2720    0.417
    46  32.1084 -55.6133  -2.9146  37.4778 234.0125  28.5839   0.0641   0.9600   0.7638   0.0200   0.0000  -0.1261   0.2734    0.415
    47  35.7223 -61.8729  -3.2426  35.9204 225.4445  27.6090   0.0622   0.9677   0.7700   0.0175   0.0000  -0.1258   0.2744    0.413
    48  39.3363 -68.1325  -3.5707  34.3630 214.5632  26.5340   0.0604   0.9725   0.7738   0.0151   0.0000  -0.1254   0.2748    0.412
    49  42.9132 -74.3278  -3.8954  32.8215 201.7785  25.3719   0.0591   0.9738   0.7748   0.0128   0.0000  -0.1248   0.2745    0.411
    50  46.4163 -80.3954  -4.2133  31.3119 187.5078  24.1349   0.0583   0.9712   0.7728   0.0106   0.0000  -0.1242   0.2735    0.411
    51  49.8097 -86.2728  -4.5214  29.8495 172.1596  22.8337   0.0583   0.9641   0.7671   0.0086   0.0000  -0.1232   0.2714    0.411
    52  53.0585 -91.8999  -4.8163  28.4494 156.1191  21.4754   0.0593   0.9516   0.7571   0.0068   0.0000  -0.1219   0.2681    0.411
    53  56.1294 -97.2189  -5.0950  27.1260 139.7343  20.0621   0.0617   0.9325   0.7419   0.0053   0.0000  -0.1202   0.2633    0.412
    54  58.9909 ********  -5.3548  25.8929 123.3054  18.5889   0.0657   0.9052   0.7203   0.0041   0.0000  -0.1176   0.2564    0.413
    55  61.6136 ********  -5.5928  24.7626 107.0763  17.0427   0.0717   0.8679   0.6906   0.0034   0.0000  -0.1141   0.2470    0.415
    56  63.9707 ********  -5.8068  23.7468  91.2286  15.4028   0.0802   0.8180   0.6508   0.0030   0.0000  -0.1092   0.2342    0.418
    57  66.0379 ********  -5.9945  22.8560  75.8795  13.6417   0.0918   0.7526   0.5989   0.0030   0.0000  -0.1028   0.2175    0.422
    58  67.7940 ********  -6.1539  22.0992  61.0824  11.7264   0.1080   0.6690   0.5323   0.0033   0.0000  -0.0944   0.1960    0.427
    59  69.2210 ********  -6.2834  21.4842  46.8306   9.6147   0.1307   0.5642   0.4489   0.0037   0.0000  -0.0835   0.1687    0.436
    60  70.3043 ********  -6.3817  21.0174  33.0635   7.2506   0.1623   0.4348   0.3460   0.0033   0.0000  -0.0685   0.1336    0.448
    61  71.0327 ********  -6.4478  20.7035  19.6765   4.5746   0.2025   0.2786   0.2217   0.0014   0.0000  -0.0470   0.0883    0.462
    62  71.3988 ********  -6.4811  20.5457   6.5312   1.5725   0.2306   0.0969   0.0771  -0.0030   0.0000  -0.0171   0.0313    0.471

  Surface # 3     Hstab                                   
     # Chordwise =  8   # Spanwise = 12     First strip = 63
     Surface area Ssurf =  809.596175     Ave. chord Cave =   17.991026

 Forces referred to Sref, Cref, Bref about Xref, Yref, Zref
 Standard axis orientation,  X fwd, Z down         
     CLsurf  =  -0.00267     Clsurf  =   0.00021
     CYsurf  =  -0.00006     Cmsurf  =   0.00974
     CDsurf  =  -0.00014     Cnsurf  =   0.00003
     CDisurf =  -0.00014     CDvsurf =   0.00000

 Forces referred to Ssurf, Cave 
     CLsurf  =  -0.02936     CDsurf  =  -0.00157

 Strip Forces referred to Strip Area, Chord
    j     Xle      Yle      Zle      Chord    Area     c_cl     ai     cl_norm    cl       cd       cdv    cm_c/4     cm_LE   C.P.x/c
    63 141.8618   0.1596  15.0000  28.7234  18.2633   0.1770   0.1099   0.0081   0.0061   0.0012   0.0000   0.0160   0.0118  999.000
    64 142.7446   1.4204  15.0000  28.1182  52.4170   0.1186   0.1087   0.0056   0.0042   0.0001   0.0000   0.0176   0.0136  999.000
    65 144.6169   4.0944  15.0000  26.8347  93.5609  -0.4694   0.0396  -0.0234  -0.0175  -0.0005   0.0000   0.0307   0.0288  999.000
    66 147.4526   8.1442  15.0000  24.8908 113.0983  -0.6906   0.0430  -0.0370  -0.0277  -0.0013   0.0000   0.0359   0.0351    1.545
    67 150.9257  13.1042  15.0000  22.5100 119.1081  -0.7903   0.0453  -0.0468  -0.0351  -0.0019   0.0000   0.0383   0.0386    1.343
    68 154.7993  18.6363  15.0000  19.8546 112.7403  -0.8105   0.0469  -0.0544  -0.0408  -0.0023   0.0000   0.0395   0.0407    1.218
    69 158.8096  24.3637  15.0000  17.1054  97.1300  -0.7640   0.0478  -0.0595  -0.0446  -0.0026   0.0000   0.0399   0.0419    1.145
    70 162.6833  29.8958  15.0000  14.4500  76.4600  -0.6651   0.0479  -0.0613  -0.0460  -0.0027   0.0000   0.0400   0.0422    1.121
    71 166.1563  34.8558  15.0000  12.0692  54.8398  -0.5274   0.0464  -0.0582  -0.0436  -0.0026   0.0000   0.0395   0.0413    1.155
    72 168.9920  38.9056  15.0000  10.1253  35.3025  -0.3347   0.0392  -0.0441  -0.0330  -0.0018   0.0000   0.0362   0.0364    1.347
    73 171.4691  42.4432  15.0000   8.4272  28.2776   0.2188   0.0888   0.0346   0.0259   0.0017   0.0000   0.0075   0.0008   -0.038
    74 173.0581  44.7126  15.0000   7.3379   8.3983   0.1088   0.0852   0.0197   0.0148   0.0010   0.0000   0.0037  -0.0000    0.003

  Surface # 4     Hstab (YDUP)                            
     # Chordwise =  8   # Spanwise = 12     First strip = 75
     Surface area Ssurf =  809.596175     Ave. chord Cave =   17.991026

 Forces referred to Sref, Cref, Bref about Xref, Yref, Zref
 Standard axis orientation,  X fwd, Z down         
     CLsurf  =  -0.00267     Clsurf  =  -0.00021
     CYsurf  =   0.00006     Cmsurf  =   0.00974
     CDsurf  =  -0.00014     Cnsurf  =  -0.00003
     CDisurf =  -0.00014     CDvsurf =   0.00000

 Forces referred to Ssurf, Cave 
     CLsurf  =  -0.02936     CDsurf  =  -0.00157

 Strip Forces referred to Strip Area, Chord
    j     Xle      Yle      Zle      Chord    Area     c_cl     ai     cl_norm    cl       cd       cdv    cm_c/4     cm_LE   C.P.x/c
    75 141.8618  -0.1596  15.0000  28.7234  18.2633   0.1770   0.1099   0.0081   0.0061   0.0012   0.0000   0.0160  -0.0118  999.000
    76 142.7446  -1.4204  15.0000  28.1182  52.4170   0.1186   0.1087   0.0056   0.0042   0.0001   0.0000   0.0176  -0.0136  999.000
    77 144.6169  -4.0944  15.0000  26.8347  93.5609  -0.4694   0.0396  -0.0234  -0.0175  -0.0005   0.0000   0.0307  -0.0288  999.000
    78 147.4526  -8.1442  15.0000  24.8908 113.0983  -0.6906   0.0430  -0.0370  -0.0277  -0.0013   0.0000   0.0359  -0.0351    1.545
    79 150.9257 -13.1042  15.0000  22.5100 119.1081  -0.7903   0.0453  -0.0468  -0.0351  -0.0019   0.0000   0.0383  -0.0386    1.343
    80 154.7993 -18.6363  15.0000  19.8546 112.7403  -0.8105   0.0469  -0.0544  -0.0408  -0.0023   0.0000   0.0395  -0.0407    1.218
    81 158.8096 -24.3637  15.0000  17.1054  97.1300  -0.7640   0.0478  -0.0595  -0.0446  -0.0026   0.0000   0.0399  -0.0419    1.145
    82 162.6833 -29.8958  15.0000  14.4500  76.4600  -0.6651   0.0479  -0.0613  -0.0460  -0.0027   0.0000   0.0400  -0.0422    1.121
    83 166.1563 -34.8558  15.0000  12.0692  54.8398  -0.5274   0.0464  -0.0582  -0.0436  -0.0026   0.0000   0.0395  -0.0413    1.155
    84 168.9920 -38.9056  15.0000  10.1253  35.3025  -0.3347   0.0392  -0.0441  -0.0330  -0.0018   0.0000   0.0362  -0.0364    1.347
    85 171.4691 -42.4432  15.0000   8.4272  28.2776   0.2188   0.0888   0.0346   0.0259   0.0017   0.0000   0.0075  -0.0008   -0.038
    86 173.0581 -44.7126  15.0000   7.3379   8.3983   0.1088   0.0852   0.0197   0.0148   0.0010   0.0000   0.0037   0.0000    0.003

  Surface # 5     Vstab                                   
     # Chordwise =  8   # Spanwise = 12     First strip = 87
     Surface area Ssurf = 1140.387550     Ave. chord Cave =   27.126250

 Forces referred to Sref, Cref, Bref about Xref, Yref, Zref
 Standard axis orientation,  X fwd, Z down         
     CLsurf  =  -0.00000     Clsurf  =  -0.00000
     CYsurf  =  -0.00000     Cmsurf  =   0.00000
     CDsurf  =   0.00000     Cnsurf  =   0.00000
     CDisurf =   0.00000     CDvsurf =   0.00000

 Forces referred to Ssurf, Cave 
     CLsurf  =   0.00000     CDsurf  =   0.00000

 Strip Forces referred to Strip Area, Chord
    j     Xle      Yle      Zle      Chord    Area     c_cl     ai     cl_norm    cl       cd       cdv    cm_c/4     cm_LE   C.P.x/c
    87 131.6168   0.0000   0.1798  34.9342  25.0213   0.0000   0.0000   0.0000   0.0000   0.0000   0.0000  -0.0000  -0.0000    0.783
    88 132.5391   0.0000   1.6001  34.4021  72.2413   0.0000   0.0000   0.0000   0.0000   0.0000   0.0000  -0.0000  -0.0000    0.794
    89 134.3208   0.0000   4.3437  33.3742 111.4855   0.0000   0.0000   0.0000   0.0000   0.0000   0.0000  -0.0000  -0.0000    0.788
    90 136.8406   0.0000   8.2238  31.9205 138.9621   0.0000   0.0000   0.0000   0.0000   0.0000   0.0000  -0.0000  -0.0000    0.757
    91 139.9267   0.0000  12.9760  30.1400 152.7986   0.0000   0.0000   0.0000   0.0000   0.0000   0.0000  -0.0000  -0.0000    0.728
    92 143.3688   0.0000  18.2763  28.1542 153.1694   0.0000   0.0000   0.0000   0.0000   0.0000   0.0000  -0.0000  -0.0000    0.700
    93 146.9323   0.0000  23.7637  26.0983 141.9846   0.0000   0.0000   0.0000   0.0000   0.0000   0.0000  -0.0000  -0.0000    0.677
    94 150.3744   0.0000  29.0640  24.1125 122.2412   0.0000   0.0000   0.0000   0.0000   0.0000   0.0000  -0.0000  -0.0000    0.662
    95 153.4605   0.0000  33.8162  22.3320  97.2199   0.0000   0.0000   0.0000   0.0000   0.0000   0.0000  -0.0000  -0.0000    0.658
    96 155.9803   0.0000  37.6963  20.8783  69.7433   0.0000   0.0000   0.0000   0.0000   0.0000   0.0000  -0.0000  -0.0000    0.671
    97 157.7620   0.0000  40.4399  19.8504  41.6839   0.0000   0.0000   0.0000   0.0000   0.0000   0.0000  -0.0000  -0.0000    0.704
    98 158.6843   0.0000  41.8602  19.3183  13.8365   0.0000   0.0000   0.0000   0.0000   0.0000   0.0000  -0.0000  -0.0000    0.747
 ---------------------------------------------------------------
